[-25.876877]
[-26.340172]
[-23.584778]
[-20.571318]
[-19.599195]
[-7.9589033]
[-10.261749]
[31.617561]
[166.18057]
[200.4763]
[469.44107]
[770.6843]
[778.11444]
[846.9795]
[578.24023]
[538.0653]
[239.24956]
[82.09453]
[2.8367262]
[-22.189018]
[-19.70003]
[-20.619047]
[-20.399424]
[-20.380365]
[-18.930792]
[-19.7973]
[-22.343489]
[-25.486456]
[-24.28322]
[-21.167088]
[-18.634315]
[72.03911]
[361.13943]
[519.19366]
[806.4648]
[834.48016]
[878.3797]
[741.4159]
[598.54694]
[399.89862]
[218.17665]
[22.891201]
[-25.877827]
[-26.120575]
[-23.036234]
[-22.80518]
[-23.094027]
[-22.666618]
[-22.69743]
[-22.893547]
[-23.694664]
[-26.11458]
[-29.624489]
[-22.526098]
[3.5632796]
[75.31161]
[303.0564]
[576.9526]
[786.4609]
[889.81177]
[880.44104]
[744.0673]
[288.70087]
[334.19797]
[146.27269]
[28.326357]
[-51.054066]
[-34.97662]
[-33.197147]
[-27.873304]
[-25.446264]
[-25.307762]
[-25.412989]
[-25.17683]
[-24.271496]
[-25.96468]
[-27.701675]
[-11.138588]
[16.907293]
[81.18085]
[288.4013]
[602.7263]
[778.04144]
[865.16016]
[860.6773]
[708.14124]
[630.36633]
[387.24496]
[190.1033]
[29.280462]
[-27.898624]
[-25.924429]
[-22.302378]
[-22.5391]
[-23.00085]
[-22.75448]
[-22.982595]
[-23.66985]
[-24.131569]
[-25.006598]
[-30.068132]
[-13.443096]
[9.407351]
[91.5204]
[315.0569]
[604.2398]
[803.7284]
[903.8384]
[894.47626]
[767.85657]
[632.55475]
[464.1215]
[254.3119]
[42.53765]
[-17.152714]
[-28.975645]
[-24.949547]
[-24.190876]
[-23.611017]
[-23.143805]
[-23.123383]
[-23.438202]
[-23.488306]
[-24.971691]
[-29.516087]
[-10.554722]
[12.460051]
[83.44588]
[306.54745]
[484.49084]
[692.5366]
[748.2058]
[378.11374]
[755.5522]
[498.08942]
[497.48685]
[413.27313]
[110.1012]
[-11.777666]
[-29.163599]
[-21.894472]
[-22.733732]
[-23.130981]
[-23.026823]
[-22.824028]
[-23.05422]
[-22.792475]
[-22.183615]
[-26.596128]
[-19.719145]
[1.887282]
[69.78283]
[301.66504]
[575.9337]
[786.74286]
[884.6392]
[923.1212]
[772.6179]
[608.493]
[450.97366]
[265.668]
[39.108334]
[-17.897224]
[-28.975319]
[-24.502756]
[-23.842932]
[-23.47394]
[-22.940742]
[-23.018215]
[-23.611195]
[-23.8532]
[-25.372889]
[-30.275618]
[-12.324488]
[11.986486]
[81.040245]
[303.9813]
[605.62103]
[794.4462]
[896.13464]
[827.4683]
[816.30676]
[563.9935]
[490.8492]
[222.3731]
[54.405346]
[-30.973705]
[-29.970743]
[-23.161436]
[-22.649878]
[-23.008093]
[-21.772533]
[-22.013887]
[-22.397423]
[-22.476677]
[-22.891766]
[-29.605225]
[-8.527661]
[13.780415]
[53.42898]
[283.71826]
[280.82272]
[307.15176]
[274.81757]
[348.86453]
[169.59428]
[224.04364]
[447.7156]
[266.71713]
[207.39859]
[-18.955013]
[-24.167694]
[-20.027374]
[-18.03255]
[-16.534237]
[-16.366318]
[-17.17818]
[-18.779497]
[-20.386332]
[-20.442404]
[-19.603233]
[-22.6619]
[-16.420937]
[55.951183]
[339.0024]
[538.23376]
[817.6211]
[857.4352]
[918.095]
[742.27075]
[593.5513]
[476.91913]
[293.44498]
[51.03032]
[-19.95005]
[-29.157217]
[-25.113428]
[-22.454771]
[-22.384422]
[-21.875565]
[-22.644743]
[-23.78487]
[-24.472897]
[-25.144861]
[-29.281292]
[-3.4822152]
[17.89307]
[83.6479]
[303.44525]
[610.30725]
[793.1194]
[892.32275]
[848.44965]
[707.56445]
[642.8757]
[447.78885]
[227.23712]
[33.94724]
[-25.377697]
[-27.462193]
[-23.90096]
[-23.164553]
[-23.451115]
[-22.905272]
[-22.768105]
[-23.645508]
[-24.007612]
[-25.160683]
[-29.809622]
[-12.92658]
[10.333879]
[67.359116]
[291.48615]
[571.41595]
[773.4577]
[875.9168]
[844.5273]
[722.75055]
[528.5493]
[401.68057]
[199.62561]
[27.772709]
[-29.400887]
[-28.172035]
[-23.66697]
[-23.98915]
[-23.71111]
[-23.445652]
[-23.823935]
[-24.362207]
[-24.349651]
[-26.086796]
[-28.905504]
[-5.8164654]
[15.915669]
[58.981354]
[264.1868]
[562.6788]
[757.4208]
[380.93442]
[640.70264]
[478.03903]
[233.61224]
[503.41324]
[187.23528]
[255.98201]
[-26.290571]
[-8.145639]
[-35.20346]
[-31.868563]
[-24.327686]
[-23.697067]
[-25.079025]
[-23.851301]
[-23.224394]
[-21.132982]
[-13.783413]
[-8.241131]
[-4.3347435]
[42.924217]
[258.7684]
[475.54248]
[354.18234]
[823.4545]
[855.1135]
[435.19064]
[473.72226]
[191.99402]
[188.02286]
[4.6019807]
[-32.687637]
[-34.171883]
[-24.778482]
[-22.95591]
[-20.642498]
[-19.010935]
[-18.811256]
[-20.436468]
[-23.186638]
[-24.275532]
[-21.306301]
[-18.926962]
[0.5653446]
[39.561417]
[254.45332]
[493.67007]
[427.23492]
[361.30734]
[389.10724]
[225.31082]
[81.38341]
[23.77638]
[-15.753214]
[-19.581059]
[-18.73889]
[-24.217176]
[-28.624168]
[-22.57941]
[-15.313221]
[-16.617735]
[-18.322079]
[-14.48996]
[-4.0352116]
[0.5220072]
[18.146059]
[8.864506]
[48.582264]
[72.55414]
[17.388515]
[43.05319]
[-4.664167]
[14.347214]
[36.468437]
[126.8931]
[133.99583]
[10.916262]
[22.790695]
[22.461033]
[3.1168754]
[-14.394024]
[-21.14625]
[-18.499851]
[-19.539146]
[-23.361767]
[-24.52505]
[-24.211922]
[-23.921562]
[-24.085354]
[-26.16798]
[-25.270926]
[-17.921774]
[10.820712]
[60.5873]
[155.98679]
[241.70795]
[469.41824]
[645.86554]
[705.35614]
[429.99127]
[184.48409]
[112.0797]
[3.434158]
[-18.684689]
[-21.458101]
[-21.932703]
[-22.115938]
[-23.113974]
[-23.971014]
[-25.20022]
[-25.931406]
[-25.554281]
[-22.893991]
[-20.419191]
[-15.37796]
[-5.0804725]
[30.808638]
[308.61026]
[562.2296]
[413.34085]
[278.1819]
[640.11005]
[598.7992]
[348.56323]
[588.50507]
[484.18054]
[65.29157]
[18.048164]
[-19.069471]
[-33.54937]
[-30.25748]
[-21.657452]
[-19.474794]
[-20.916206]
[-22.686565]
[-24.460815]
[-23.53776]
[-21.997355]
[-21.305916]
[-8.979973]
[-3.9855814]
[164.85753]
[153.45087]
[174.786]
[221.49521]
[138.23973]
[136.99716]
[332.59766]
[283.18842]
[126.07171]
[-1.1811801]
[-12.004979]
[-24.371765]
[-26.317642]
[-27.636879]
[-26.719936]
[-21.525185]
[-18.316736]
[-20.556477]
[-16.827297]
[-15.328716]
[-3.2083883]
[22.280025]
[52.516254]
[83.61721]
[73.19494]
[293.78525]
[451.75024]
[393.20084]
[464.4548]
[364.20874]
[528.39465]
[345.12177]
[203.86621]
[-10.75057]
[-30.170034]
[-24.346119]
[-25.239164]
[-25.387789]
[-23.857714]
[-24.31982]
[-25.16478]
[-26.568316]
[-25.244003]
[-21.624414]
[-20.375172]
[-11.18528]
[-4.308385]
[-5.0249057]
[257.0484]
[180.25365]
[318.3811]
[314.2813]
[240.42448]
[87.80532]
[167.58731]
[245.32886]
[25.104553]
[49.883183]
[-11.7462015]
[-26.945856]
[-21.977407]
[-24.354906]
[-24.203047]
[-25.633625]
[-26.99038]
[-25.26956]
[-21.624594]
[-19.739477]
[-15.040909]
[-4.5942926]
[-6.538893]
[1.9740458]
[212.57104]
[529.96]
[656.6035]
[765.9109]
[662.35376]
[799.93384]
[665.07104]
[327.40665]
[148.76094]
[0.22401845]
[-29.067427]
[-28.734442]
[-26.918577]
[-22.776209]
[-22.475163]
[-22.4426]
[-23.08987]
[-23.3954]
[-22.654924]
[-23.110529]
[-24.213852]
[-18.134897]
[-4.303606]
[13.252055]
[261.58847]
[539.6447]
[713.3199]
[512.1794]
[920.3707]
[535.0163]
[361.4903]
[206.92949]
[-3.7001188]
[30.414238]
[-28.66884]
[-24.212248]
[-20.455732]
[-20.453772]
[-21.213867]
[-23.20507]
[-25.277012]
[-25.743095]
[-24.130175]
[-25.122807]
[-17.529482]
[-9.639235]
[-1.5180241]
[26.952564]
[182.31206]
[345.90488]
[599.5729]
[820.4084]
[252.23907]
[570.49524]
[516.469]
[482.16998]
[404.20248]
[230.59935]
[10.695894]
[-20.872007]
[-26.453888]
[-26.444685]
[-26.511591]
[-25.386868]
[-23.854567]
[-22.438978]
[-21.792896]
[-24.595991]
[-25.04958]
[-6.6090937]
[13.421991]
[29.581776]
[265.44495]
[550.693]
[737.7062]
[825.1563]
[703.81104]
[677.5066]
[632.50323]
[445.43286]
[181.41695]
[29.547134]
[-24.035217]
[-32.06061]
[-25.69397]
[-24.02186]
[-22.487333]
[-23.265356]
[-24.351166]
[-24.111]
[-23.86083]
[-29.06437]
[-24.479338]
[-6.9484606]
[17.154049]
[41.444336]
[229.8649]
[227.13388]
[231.76505]
[141.60025]
[210.61908]
[307.74323]
[615.1823]
[329.47452]
[142.78485]
[22.024721]
[-44.40015]
[-39.987545]
[-28.316504]
[-22.957424]
[-19.64179]
[-20.347834]
[-22.872412]
[-24.147776]
[-22.824]
[-22.761635]
[-20.338543]
[-8.895673]
[-3.8299232]
[14.2914095]
[207.79707]
[530.50964]
[759.9292]
[757.07117]
[700.5737]
[702.0923]
[494.2132]
[382.53073]
[71.475334]
[18.195303]
[-26.902784]
[-28.045465]
[-21.69331]
[-23.064342]
[-22.62993]
[-22.79399]
[-23.049679]
[-22.542513]
[-22.424109]
[-24.860735]
[-26.568197]
[2.5019302]
[25.58251]
[45.536507]
[182.1732]
[334.74872]
[475.38065]
[446.9059]
[603.7035]
[613.9746]
[505.33844]
[168.57417]
[170.12663]
[79.21589]
[-24.78172]
[-4.9262986]
[-35.46224]
[-38.650826]
[-36.194073]
[-20.211973]
[-19.87878]
[-26.21105]
[-19.497383]
[-0.18964541]
[13.688249]
[42.36665]
[58.46656]
[82.24665]
[117.096405]
[118.6494]
[183.89952]
[213.76375]
[88.33917]
[148.28503]
[158.03587]
[94.13159]
[2.8201926]
[-6.8298173]
[-17.62889]
[-19.585394]
[-21.709398]
[-23.205872]
[-24.599405]
[-25.997213]
[-25.580433]
[-25.430948]
[-24.971453]
[-19.930489]
[-11.872682]
[-7.8521333]
[11.960306]
[38.746525]
[99.17205]
[90.99032]
[131.46352]
[219.56819]
[74.63973]
[72.30444]
[94.55835]
[81.026436]
[10.664431]
[-5.051205]
[-16.621445]
[-14.760789]
[-22.377476]
[-25.416403]
[-21.62403]
[-22.396235]
[-20.238897]
[-20.347567]
[-17.802418]
[-22.057463]
[-9.964977]
[-7.460732]
[4.0005417]
[27.733467]
[62.05228]
[74.15652]
[151.48863]
[80.62245]
[67.72538]
[69.59954]
[93.781364]
[193.3693]
[69.62848]
[10.156225]
[-2.7027662]
[-12.810252]
[-21.651606]
[-28.692795]
[-30.38135]
[-28.421284]
[-23.009459]
[-20.465734]
[-23.997639]
[-22.27489]
[-17.368301]
[-13.65907]
[-7.564118]
[-6.2382627]
[113.12849]
[179.79762]
[242.37265]
[77.757614]
[337.62872]
[162.19943]
[290.5081]
[210.60587]
[234.99875]
[32.902752]
[-13.215842]
[-14.275678]
[-21.40571]
[-21.678171]
[-24.611012]
[-25.268818]
[-22.154615]
[-17.897789]
[-19.900509]
[-17.096107]
[-12.087795]
[-10.428509]
[-7.2192597]
[12.95377]
[123.15432]
[180.01216]
[194.89825]
[127.53991]
[97.77362]
[201.85721]
[366.35434]
[298.32242]
[95.18154]
[-9.424358]
[-14.793767]
[-24.129936]
[-25.318419]
[-25.486841]
[-25.824694]
[-26.451958]
[-27.224907]
[-25.8645]
[-26.46588]
[-24.439651]
[-11.839021]
[-9.298502]
[-9.716797]
[5.659709]
[177.52621]
[235.2941]
[85.20627]
[195.36037]
[288.26566]
[446.81766]
[197.98131]
[382.38922]
[256.28757]
[130.13438]
[-5.680665]
[-17.21475]
[-23.686293]
[-27.722218]
[-27.447886]
[-25.886614]
[-17.536219]
[-15.03141]
[-20.489155]
[-9.085051]
[-7.6029735]
[-6.12238]
[18.454496]
[40.63814]
[108.46221]
[133.59068]
[113.01863]
[111.89302]
[53.754543]
[31.549618]
[223.52702]
[28.938898]
[-10.029776]
[5.9964933]
[6.12888]
[-16.242748]
[-24.788843]
[-28.992268]
[-28.005602]
[-25.756096]
[-25.77732]
[-24.89309]
[-21.680546]
[-11.506244]
[-12.225435]
[-8.515135]
[0.6879655]
[31.078873]
[86.68733]
[104.82773]
[102.62429]
[75.18234]
[42.77663]
[56.60172]
[84.03019]
[176.52708]
[30.627956]
[9.130496]
[-10.115293]
[-12.2720375]
[-28.24185]
[-31.094248]
[-29.986683]
[-25.178848]
[-22.443521]
[-23.314543]
[-23.938896]
[-17.193676]
[-24.110554]
[-21.856092]
[-16.331293]
[-8.393256]
[204.03127]
[264.04642]
[548.5431]
[855.7318]
[497.47272]
[540.8596]
[406.5828]
[279.42377]
[106.12805]
[36.01111]
[-50.4195]
[-35.381916]
[-28.022936]
[-24.724014]
[-24.147837]
[-23.12742]
[-24.774506]
[-25.791836]
[-26.321262]
[-25.642855]
[-22.295877]
[-20.915316]
[-17.680538]
[-4.5253096]
[299.9192]
[478.34128]
[687.0745]
[727.8068]
[383.05252]
[712.7037]
[590.7953]
[431.14587]
[311.471]
[101.06489]
[-1.7672732]
[-21.880966]
[-26.781084]
[-24.642298]
[-22.342005]
[-22.489084]
[-21.788324]
[-21.41975]
[-19.909948]
[-22.502293]
[-26.798805]
[-10.7113]
[11.810258]
[31.616285]
[136.1586]
[348.75482]
[438.43207]
[616.8943]
[525.78925]
[877.9353]
[297.02753]
[255.09715]
[261.2997]
[60.29329]
[-8.019694]
[-16.110302]
[-13.643605]
[-18.680296]
[-22.952824]
[-25.318953]
[-19.552416]
[-13.535203]
[-17.068264]
[-12.748898]
[-5.1883707]
[8.278353]
[40.809975]
[41.030758]
[83.90264]
[204.92297]
[451.40167]
[723.8693]
[728.44366]
[660.38916]
[347.9365]
[138.29172]
[39.064373]
[97.72886]
[-14.57337]
[-27.73041]
[-27.398523]
[-26.478584]
[-25.782248]
[-25.85711]
[-25.75945]
[-26.67654]
[-27.19914]
[-24.650045]
[-21.542965]
[-19.112125]
[-8.633274]
[-4.3867784]
[264.55603]
[507.70538]
[600.4452]
[129.21979]
[367.703]
[543.0285]
[624.7844]
[370.4003]
[270.7097]
[14.212838]
[-12.923701]
[-32.418472]
[-27.741957]
[-25.155043]
[-23.680624]
[-23.237692]
[-23.754772]
[-24.8079]
[-24.847912]
[-26.499035]
[-28.922543]
[-19.22685]
[-4.9913936]
[12.592853]
[247.4482]
[496.37253]
[722.822]
[841.46344]
[864.13806]
[617.57416]
[547.4333]
[295.3227]
[175.9349]
[25.372206]
[-17.284388]
[-24.985582]
[-22.131699]
[-23.188389]
[-22.956623]
[-23.06087]
[-23.939638]
[-24.650015]
[-24.49121]
[-28.758099]
[-30.827517]
[-11.532157]
[13.973147]
[37.07934]
[215.10223]
[498.95776]
[713.2109]
[842.8629]
[839.2366]
[557.9613]
[573.1639]
[237.07498]
[163.18501]
[31.471817]
[-18.818855]
[-23.112875]
[-22.176342]
[-23.1235]
[-22.902035]
[-22.849586]
[-23.447195]
[-23.751566]
[-24.226793]
[-29.994993]
[-28.636961]
[-9.727869]
[16.070616]
[39.51701]
[202.46696]
[477.09323]
[698.0938]
[829.5093]
[818.7298]
[529.68585]
[581.87036]
[285.7493]
[174.79788]
[41.372856]
[-18.663198]
[-23.489584]
[-22.952824]
[-23.168026]
[-23.041903]
[-22.912989]
[-23.4374]
[-23.544971]
[-24.119133]
[-29.937498]
[-29.015125]
[-9.093124]
[16.717499]
[40.06573]
[110.904686]
[157.31493]
[137.94333]
[72.208206]
[70.89372]
[95.83938]
[71.06731]
[80.333305]
[28.208307]
[15.306246]
[-1.8272924]
[-24.728468]
[-15.397699]
[-33.141254]
[-13.966973]
[-15.38268]
[-22.317932]
[-29.195063]
[-24.312162]
[-15.62715]
[-18.391212]
[-23.29964]
[-22.578936]
[-11.092609]
[166.95683]
[390.1654]
[419.07666]
[753.60803]
[597.0145]
[663.0902]
[442.5983]
[418.63248]
[76.50668]
[39.82156]
[-20.452616]
[-25.711452]
[-23.27251]
[-21.777996]
[-21.991566]
[-22.913286]
[-22.96912]
[-22.329657]
[-24.26173]
[-26.99507]
[-21.762203]
[-7.8994184]
[2.403768]
[1.9579278]
[260.08514]
[504.4683]
[712.2621]
[825.1181]
[806.60284]
[597.3037]
[624.52905]
[280.63904]
[138.04546]
[28.888645]
[-27.546701]
[-22.602148]
[-22.23654]
[-23.438202]
[-23.262775]
[-22.903667]
[-23.76816]
[-24.778898]
[-24.775545]
[-25.747814]
[-28.182632]
[-19.002178]
[2.6558669]
[30.547249]
[210.57344]
[493.13876]
[720.1096]
[829.6758]
[825.03064]
[542.2494]
[574.88666]
[311.54752]
[189.77904]
[45.384914]
[-14.561972]
[-23.05425]
[-22.836615]
[-23.258648]
[-22.89046]
[-22.89233]
[-23.280941]
[-23.39807]
[-24.272682]
[-27.303596]
[-26.209032]
[-5.3632045]
[19.590588]
[42.79643]
[151.97073]
[385.5014]
[514.72473]
[140.0123]
[216.19641]
[239.29005]
[383.24426]
[135.05698]
[40.915142]
[-8.553278]
[-16.602953]
[-19.819653]
[-10.2220335]
[-16.072544]
[-22.571514]
[-23.298899]
[-15.036486]
[-13.421428]
[-19.038986]
[-14.479452]
[-14.224919]
[-0.36522102]
[52.063766]
[5.70741]
[-17.003347]
[-17.474033]
[23.852993]
[99.23121]
[147.40103]
[101.662704]
[80.5746]
[128.4396]
[99.903]
[31.03892]
[-6.204424]
[-11.53275]
[-14.101378]
[-21.659946]
[-24.19714]
[-22.989958]
[-23.166958]
[-24.831764]
[-26.869896]
[-24.83607]
[-25.748854]
[-21.55]
[-18.881607]
[-11.428562]
[32.806904]
[108.03463]
[329.36136]
[181.33775]
[541.4733]
[329.09033]
[562.38434]
[329.18265]
[133.19621]
[22.739195]
[-14.045218]
[-18.873829]
[-21.023212]
[-24.17271]
[-23.915329]
[-25.044147]
[-24.16054]
[-21.23788]
[-24.309313]
[-21.577902]
[-18.577473]
[-14.558736]
[-6.293562]
[-4.601595]
[80.227875]
[240.16234]
[210.9781]
[446.29453]
[516.9515]
[160.08545]
[275.2728]
[330.52094]
[-2.3796062]
[36.645615]
[-18.723515]
[-21.094007]
[-25.27998]
[-24.513859]
[-24.559006]
[-23.846434]
[-21.44774]
[-18.5721]
[-19.7721]
[-16.505236]
[-17.017002]
[-13.765158]
[-9.14225]
[-6.2069173]
[58.796875]
[191.7192]
[182.06816]
[158.88002]
[270.13657]
[319.4777]
[267.66586]
[118.26141]
[30.420204]
[-6.138646]
[-23.714819]
[-21.33628]
[-19.128183]
[-20.42219]
[-23.357225]
[-25.864677]
[-25.954409]
[-19.626623]
[-19.770437]
[-18.201447]
[-8.815944]
[-7.494778]
[-7.056507]
[13.1996355]
[139.54971]
[305.4892]
[489.09247]
[715.856]
[234.71678]
[475.04486]
[199.38673]
[350.01306]
[224.26927]
[84.84268]
[-23.06087]
[-12.576261]
[-21.436134]
[-21.467035]
[-23.6071]
[-22.898235]
[-20.524597]
[-22.620401]
[-21.66989]
[-22.65154]
[-22.179045]
[-8.256684]
[13.08402]
[34.65011]
[65.99797]
[163.37764]
[310.00443]
[497.51642]
[808.9648]
[653.8785]
[807.2278]
[461.0976]
[416.55795]
[90.76232]
[26.759386]
[-37.003742]
[-24.19334]
[-21.9837]
[-20.571762]
[-20.26374]
[-20.59735]
[-20.981123]
[-21.86945]
[-23.330275]
[-22.139744]
[-17.607964]
[-17.108337]
[-11.148384]
[77.429115]
[72.145905]
[147.5384]
[34.324364]
[101.28582]
[148.58873]
[116.149666]
[183.22458]
[-0.45732772]
[-2.3719478]
[13.092449]
[-4.0784893]
[-20.976997]
[-37.819077]
[-22.551033]
[-12.801822]
[-16.763153]
[-28.86291]
[-23.537521]
[-17.687128]
[-12.958994]
[-11.196233]
[-11.276674]
[-7.007916]
[126.60232]
[220.20451]
[390.08337]
[332.26547]
[121.07914]
[331.93466]
[433.80997]
[266.0392]
[173.8786]
[33.23449]
[-17.6318]
[-16.236217]
[-25.147919]
[-26.725042]
[-27.594965]
[-25.969667]
[-22.356756]
[-19.534605]
[-19.845625]
[-17.94932]
[-12.808976]
[-14.557905]
[-5.1810093]
[-3.3141196]
[81.33814]
[176.71347]
[187.9523]
[309.06888]
[442.32928]
[562.2192]
[322.5126]
[92.1853]
[187.85257]
[-31.161451]
[-21.153196]
[-26.588322]
[-23.375689]
[-26.330347]
[-25.899406]
[-26.606636]
[-26.692865]
[-26.900826]
[-23.88066]
[-19.69822]
[-17.61758]
[-10.6482525]
[-9.05522]
[-6.1220827]
[45.076984]
[99.626945]
[109.865005]
[122.24687]
[109.75797]
[86.34396]
[99.72086]
[120.42466]
[17.617373]
[19.903507]
[-1.7884966]
[-18.936935]
[-29.96721]
[-34.978046]
[-29.438643]
[-18.855812]
[-20.103512]
[-25.063293]
[-25.03928]
[-14.336677]
[-15.656328]
[-10.185671]
[-9.209542]
[-8.577856]
[54.272396]
[100.46626]
[132.39882]
[187.46494]
[538.80334]
[688.28217]
[260.18365]
[153.10345]
[55.93023]
[21.33355]
[-14.893265]
[-18.563848]
[-20.075817]
[-22.01834]
[-22.55694]
[-23.267464]
[-24.709143]
[-25.695276]
[-25.784058]
[-23.030771]
[-21.484163]
[-20.59919]
[-17.164944]
[-7.1622386]
[201.18802]
[497.20074]
[137.66153]
[600.0744]
[422.95355]
[383.43716]
[189.86168]
[212.21255]
[-3.3354619]
[-21.615866]
[-23.65851]
[-25.45119]
[-24.775812]
[-24.41635]
[-26.299744]
[-26.415863]
[-27.491312]
[-19.581564]
[-20.156199]
[-17.543076]
[-13.883237]
[-6.67125]
[-7.7262473]
[7.6716304]
[162.48021]
[359.47742]
[552.6933]
[764.3227]
[527.50964]
[623.01166]
[448.20285]
[379.62628]
[53.66297]
[-13.858719]
[-18.64337]
[-26.334352]
[-26.007008]
[-26.72712]
[-26.254417]
[-23.607395]
[-22.893665]
[-22.874252]
[-25.066914]
[-25.904482]
[-11.098991]
[8.231038]
[28.76463]
[48.88114]
[78.98745]
[119.306496]
[137.27803]
[135.31712]
[100.22429]
[74.6693]
[60.148613]
[36.58978]
[37.035797]
[18.51125]
[4.2561426]
[-28.250072]
[-24.86391]
[-32.328117]
[-20.462885]
[-13.3490305]
[-16.000801]
[-21.897291]
[-26.730919]
[-18.279425]
[-15.556593]
[-18.458178]
[-29.071434]
[-27.271925]
[86.94754]
[365.55908]
[585.9513]
[551.27606]
[363.50946]
[186.32246]
[127.50248]
[64.44542]
[114.815796]
[39.262447]
[-16.93763]
[-22.978678]
[-20.1806]
[-23.85884]
[-26.523703]
[-28.285097]
[-27.870337]
[-26.016655]
[-24.931826]
[-21.928251]
[-22.071295]
[-18.612083]
[-13.545057]
[-6.01086]
[117.49087]
[118.543785]
[363.0319]
[134.22119]
[332.68604]
[156.67778]
[175.93295]
[72.51558]
[2.553668]
[11.769681]
[-4.9100914]
[-15.909436]
[-19.480938]
[-20.059284]
[-21.599926]
[-23.46088]
[-23.891195]
[-18.965223]
[-16.08335]
[-14.243027]
[-9.508481]
[-9.618367]
[-2.6187334]
[25.92814]
[56.46369]
[61.4723]
[24.668003]
[295.8842]
[44.965374]
[150.98076]
[189.23436]
[52.30102]
[48.38113]
[1.338085]
[0.20751464]
[-23.40938]
[-7.1284294]
[-11.667957]
[-20.250502]
[-24.421425]
[-22.997229]
[-17.979715]
[-15.873015]
[-24.882433]
[-25.317944]
[-18.17031]
[-10.879722]
[-6.230931]
[9.146347]
[2.7919047]
[68.268135]
[98.43324]
[64.84024]
[111.79741]
[40.865097]
[61.391922]
[29.682194]
[55.360786]
[5.7572474]
[-18.020351]
[-9.814365]
[-14.222337]
[-23.178741]
[-26.25688]
[-25.247625]
[-22.648216]
[-23.252237]
[-25.453894]
[-25.297642]
[-22.055979]
[-17.091892]
[-10.424531]
[9.376272]
[36.067684]
[59.54922]
[81.47095]
[98.28343]
[103.45444]
[58.25017]
[39.48982]
[8.758062]
[-3.1373863]
[-21.549435]
[-13.7659]
[-9.56476]
[-22.578163]
[-28.256424]
[-15.567991]
[-15.698716]
[-14.9056425]
[-27.676298]
[-28.492464]
[-25.472237]
[-15.244654]
[-8.234066]
[-10.873785]
[80.4865]
[346.2898]
[619.5456]
[492.35416]
[495.62427]
[119.86985]
[200.19763]
[234.11917]
[135.94815]
[15.407168]
[-37.528625]
[-25.62929]
[-22.519241]
[-22.9438]
[-22.97927]
[-22.735691]
[-22.769144]
[-22.681698]
[-20.36775]
[-20.112625]
[-19.140028]
[-14.430297]
[-2.1822133]
[6.8325777]
[117.625656]
[358.13016]
[493.5814]
[632.61194]
[585.2492]
[619.61664]
[262.54276]
[376.15762]
[187.22797]
[43.139656]
[-9.368139]
[-20.951944]
[-23.23039]
[-23.74563]
[-24.485987]
[-26.48078]
[-26.157501]
[-21.600817]
[-21.317255]
[-18.503859]
[-12.51633]
[-11.193829]
[13.793535]
[47.00968]
[121.90379]
[156.53622]
[166.08409]
[236.08554]
[139.55298]
[258.113]
[244.21027]
[438.52258]
[210.04332]
[72.19144]
[-35.587887]
[-23.949553]
[-30.503643]
[-29.618315]
[-29.111208]
[-19.610416]
[-20.696966]
[-22.527435]
[-24.937584]
[-10.823146]
[-9.786998]
[24.477497]
[44.337547]
[68.396095]
[133.08076]
[245.86725]
[477.47336]
[754.87103]
[665.4752]
[151.83098]
[528.64545]
[266.0427]
[147.5085]
[72.19503]
[-10.694351]
[-33.880157]
[-30.466688]
[-25.097843]
[-23.458118]
[-22.523457]
[-22.438148]
[-24.460815]
[-23.294743]
[-22.558098]
[-23.227957]
[-15.185198]
[-5.1403437]
[4.9934416]
[138.45312]
[306.5917]
[518.412]
[733.7115]
[772.6077]
[530.57996]
[275.85593]
[301.43707]
[186.75027]
[10.71032]
[-28.686474]
[-16.993256]
[-24.582752]
[-24.782728]
[-23.1715]
[-24.550606]
[-26.263084]
[-25.304617]
[-26.03292]
[-24.257841]
[-23.222227]
[-17.583029]
[-1.6889988]
[25.051836]
[117.15405]
[262.1273]
[441.16544]
[645.7617]
[661.8291]
[452.4352]
[471.90076]
[179.61981]
[166.11324]
[27.05779]
[-19.21655]
[-21.06765]
[-22.726372]
[-23.288925]
[-23.776321]
[-24.48468]
[-25.284966]
[-25.977087]
[-24.135843]
[-24.787477]
[-24.757854]
[-17.571571]
[-1.9676639]
[19.418188]
[83.85405]
[177.62585]
[486.59137]
[714.18024]
[352.5986]
[641.6163]
[244.23277]
[309.95352]
[169.09525]
[76.49309]
[-28.783329]
[-21.838728]
[-24.213821]
[-26.469707]
[-27.759914]
[-27.69666]
[-27.346756]
[-24.880653]
[-24.267519]
[-21.22307]
[-19.556868]
[-10.936743]
[-7.1311007]
[12.399587]
[111.88616]
[213.67311]
[502.92017]
[708.0751]
[664.8433]
[534.98346]
[566.96844]
[344.48886]
[167.65536]
[21.537207]
[-27.957249]
[-21.805838]
[-23.586855]
[-24.174402]
[-23.791016]
[-24.071224]
[-24.803507]
[-24.93429]
[-24.69442]
[-24.75073]
[-23.952045]
[-12.937266]
[-4.0473223]
[9.593998]
[166.35522]
[362.25604]
[565.323]
[787.94006]
[770.81555]
[533.9426]
[473.48953]
[328.51068]
[132.56361]
[35.394115]
[-20.058928]
[-22.297153]
[-22.684547]
[-23.518673]
[-22.73664]
[-23.877096]
[-23.904493]
[-23.597778]
[-24.45476]
[-25.066528]
[-25.268671]
[-18.491154]
[3.3438325]
[27.698797]
[156.30464]
[344.62357]
[559.8094]
[781.7291]
[789.10156]
[570.01575]
[472.37372]
[331.0267]
[71.98]
[-0.06586683]
[-20.744518]
[-27.213923]
[-21.477869]
[-22.519272]
[-23.443724]
[-25.139341]
[-25.672836]
[-25.40545]
[-26.984118]
[-27.255836]
[-14.324833]
[-5.282704]
[21.201965]
[50.510357]
[123.76843]
[163.64922]
[132.03984]
[54.58392]
[51.716145]
[122.86538]
[71.93269]
[23.988882]
[35.120644]
[4.5897217]
[6.636966]
[-23.162712]
[-15.61216]
[-13.15701]
[-17.593122]
[-22.755312]
[-26.359377]
[-21.578585]
[-19.293667]
[-19.32433]
[-27.323364]
[-23.201181]
[-9.777143]
[1.7170197]
[80.74664]
[60.416683]
[131.6785]
[252.80698]
[432.9483]
[432.373]
[292.06287]
[67.613945]
[37.002018]
[-14.541104]
[-20.663216]
[-27.403568]
[-26.994358]
[-28.253277]
[-29.208214]
[-28.681753]
[-25.454844]
[-23.316381]
[-20.86803]
[-22.35088]
[-21.769001]
[-15.677255]
[-8.277848]
[-4.60768]
[10.12485]
[21.838074]
[58.232983]
[115.44665]
[111.00499]
[373.75043]
[-46.32955]
[324.68576]
[61.70478]
[72.200874]
[-14.318154]
[-21.55086]
[-21.455755]
[-19.338015]
[-27.17035]
[-29.310116]
[-26.874704]
[-24.306314]
[-24.270723]
[-23.894135]
[-25.119572]
[-18.248852]
[-11.161177]
[-6.8757668]
[113.998886]
[346.78094]
[123.81996]
[410.1472]
[405.65552]
[291.29202]
[231.31172]
[72.73218]
[14.332966]
[-10.030131]
[-19.611246]
[-20.519342]
[-20.012533]
[-22.845074]
[-25.187754]
[-23.657085]
[-19.40201]
[-18.048698]
[-17.853294]
[-17.401546]
[-15.128385]
[-7.245796]
[-7.620249]
[2.310979]
[110.35125]
[190.51591]
[305.38733]
[292.2873]
[19.507742]
[35.7916]
[19.16701]
[4.6692724]
[-7.982947]
[-25.352821]
[-27.350643]
[-13.188029]
[-16.859]
[-21.26706]
[-28.75611]
[-18.704279]
[-9.40928]
[-12.354379]
[-19.252853]
[-18.153984]
[-6.959948]
[3.432407]
[7.499854]
[-1.5724036]
[65.00332]
[42.73843]
[289.3556]
[133.85934]
[114.56711]
[142.29076]
[355.44098]
[228.31021]
[182.53406]
[18.710127]
[-5.9333577]
[-13.942485]
[-21.14141]
[-22.921864]
[-23.079807]
[-23.931595]
[-24.934528]
[-24.70484]
[-26.423937]
[-22.380949]
[-21.615183]
[-17.819069]
[-8.952694]
[-3.0281525]
[144.20465]
[167.4067]
[504.21796]
[423.80185]
[203.11234]
[401.6541]
[431.74594]
[290.6793]
[126.79857]
[82.38616]
[-19.465206]
[-22.049269]
[-18.221039]
[-18.741978]
[-19.897749]
[-20.842176]
[-23.562662]
[-23.926727]
[-20.443354]
[-17.085957]
[-14.162081]
[-8.4166765]
[-9.950937]
[1.7257168]
[60.4691]
[131.88898]
[151.74545]
[210.5692]
[325.06717]
[477.59323]
[666.7071]
[323.2478]
[215.32333]
[37.031643]
[19.708935]
[-23.242798]
[-21.652525]
[-21.55187]
[-20.627834]
[-20.644901]
[-20.423615]
[-20.88584]
[-21.877611]
[-19.06024]
[-21.97061]
[-21.787672]
[-20.888214]
[-4.2621093]
[151.98883]
[372.63043]
[215.16391]
[60.176575]
[206.88617]
[740.2992]
[215.8758]
[207.30399]
[299.80957]
[160.15308]
[58.442398]
[-7.585045]
[-20.403133]
[-25.6097]
[-22.866535]
[-16.99842]
[-11.698174]
[-20.88388]
[-21.83472]
[-11.704971]
[8.400084]
[42.67669]
[59.86674]
[70.863205]
[112.2897]
[113.3954]
[82.7984]
[85.66644]
[82.99998]
[69.51129]
[103.07357]
[16.765528]
[6.1712675]
[-30.473545]
[-0.63340795]
[0.07123947]
[-12.706836]
[-12.530786]
[-22.508764]
[-15.541158]
[-15.214584]
[-20.157831]
[-24.526356]
[-22.077972]
[-19.176123]
[-17.631294]
[-25.355522]
[-27.185547]
[77.99606]
[298.81247]
[289.9136]
[525.3602]
[331.52362]
[433.23038]
[281.01733]
[148.8832]
[31.11571]
[29.273218]
[-21.1407]
[-20.192057]
[-22.800045]
[-23.19759]
[-24.2579]
[-25.14314]
[-25.96281]
[-26.42453]
[-26.471786]
[-23.390085]
[-21.35047]
[-20.58705]
[-16.935284]
[-9.70712]
[29.475985]
[66.114685]
[-3.8949587]
[62.425396]
[67.94658]
[124.517235]
[64.4063]
[56.061604]
[32.061623]
[30.520325]
[54.024693]
[22.117481]
[-7.8386574]
[-5.50037]
[7.606743]
[-9.777558]
[-16.346075]
[-34.45791]
[-11.594491]
[-13.252916]
[-16.208612]
[-28.26794]
[-27.784403]
[-12.486201]
[-3.6400106]
[-8.5737295]
[152.39975]
[21.218082]
[88.27322]
[167.57277]
[274.05722]
[67.25356]
[132.44319]
[12.879978]
[-11.304131]
[-11.699362]
[-14.927608]
[-21.055687]
[-25.37446]
[-26.167475]
[-20.33231]
[-16.526102]
[-19.644848]
[-25.331629]
[-15.367749]
[-15.167507]
[-8.672218]
[-6.0342207]
[5.258601]
[33.198723]
[74.792274]
[196.73079]
[114.611664]
[109.94189]
[128.88602]
[62.168697]
[34.02771]
[-27.635721]
[-9.406252]
[-9.773492]
[-15.994894]
[-22.339363]
[-25.688776]
[-18.651058]
